N = 4 K = 1 L = 1, U = 3, B = 2, O = 4, Iteraciones = 10000

-4      -2      -3      0       4       2       3
3       1       4       0       -3      -1      -4
-2      -4      1       4       2       0       -1
1       3       -2      -3      -1      0       2

Distance = 8160
Fitness = 2000


N = 4 K = 3 L = 1 U = 3 B = 2 O = 4 Iteraciones = 10000

0       2       4       0       -3      0       -2      -4      3
-4      -1      -3      0       4       3       1       0       0
0       0       2       4       1       -2      -4      0       -1
2       0       -1      -3      -2      0       3       1       0

Distance = 8044
Fitness = 1000


N = 6, K = 1, L = 1, U = 3, B = 3, O = 4, Instancia = data6.txt, Iteraciones = 100000, maxIters = 10

5       -3      -2      -4      3       2       4       -6      -5      0       6
-3      4       1       6       -5      -1      -6      5       0       3       -4
2       1       6       -5      -1      -6      5       4       -4      -2      0
-6      -2      5       1       6       -5      -1      -3      3       0       2
-1      -6      -4      3       2       4       -3      -2      1       6       0
4       5       -3      -2      -4      3       2       1       0       -5      -1

Distance = 23124
Fitness = 3000


N = 6 K = 2 L = 1 U = 3 B = 2 O = 4 Iteraciones = 4000

-6      -4      0       -2      4       3       5       -3      -5      2       0       6
-3      5       0       1       6       0       -4      4       -6      -1      -5      3
2       0       5       6       -5      -1      -6      1       4       -4      0       -2
5       1       -6      -5      -1      6       2       -2      -3      3       0       0
-4      -2      -3      4       3       0       -1      -6      1       6       2       0
1       0       4       -3      -2      -4      3       5       2       -5      0       -1

Distance = 22786
Fitness = 3500


N = 8 K = 1 L = 1, U = 3, B = 2, O = 4, Iteraciones = 10000

5       0       8       -7      -4      -8      2       4       -2      -3      -6      6       3       7       -5
4       -3      6       3       5       -6      -1      -5      1       8       7       0       -7      -8      -4
6       2       4       -2      7       -4      -8      -7      8       1       5       -5      -1      0       -6
-2      0       -3      6       1       3       -5      -1      -7      5       8       7       -8      -6      2
-1      8       -7      -8      -2      7       4       2       -6      -4      -3      3       6       0       1
-3      0       -2      -4      8       2       -7      -8      5       7       1       -1      -5      4       3
8       0       5       1       -3      -5      6       3       4       -6      -2      -4      2       -1      -8
-7      -5      -1      5       -6      1       3       6       -3      -2      -4      0       4       2       7

Distance = 40433
Fitness = 2500


N = 10 K = 0, L = 1, U = 3, B = 3, O = 4, Iteraciones = 13000, Restarts = 5000

MEJOR SOLUCION

7       6       3       -6      -7      4       8       -2      -4      -3      2       5       -5      9       10      -10     -8      -9
4       9       10      -7      -9      -10     7       1       5       -5      -1      -8      6       -3      8       -4      -6      3
9       10      -1      -9      -10     6       -5      5       7       1       -6      -7      -8      2       4       8       -4      -2
-2      8       9       5       -8      -1      -9      7       1       -6      -5      -10     10      -7      -3      2       3       6
6       7       -8      -4      -6      8       3       -3      -2      2       4       -1      1       10      9       -7      -9      -10
-5      -1      7       1       5       -3      10      -10     -8      4       3       9       -2      8       -7      -9      2       -4
-1      -5      -6      2       1       9       -2      -4      -3      10      8       3       -9      4       6       5       -10     -8
10      -4      5       -10     4       -5      -1      -9      6       9       -7      2       3       -6      -2      -3      1       7
-3      -2      -4      3       2       -7      4       8       10      -8      -10     -6      7       -1      -5      6       5       1
-8      -3      -2      8       3       2       -6      6       -9      -7      9       4       -4      -5      -1      1       7       5

Distance = 66698
Fitness = 0

        Parametros:
                N = 10, K = 0, L = 1, U = 3, B = 3, O = 4, Instancia = data10.txt, Iteraciones = 80000, maxIters = 15

MEJOR SOLUCION

4       10      -9      -8      -10     8       -7      -6      -5      5       2       7       -4      -2      -3      6       3       9
-5      -9      -7      3       5       4       -6      10      9       6       -1      -8      -10     1       -4      -3      8       7
7       8       -6      -2      4       5       -5      -4      10      9       6       -9      -8      -7      1       2       -1      -10
-1      -5      8       5       -3      -2      10      3       6       -7      -9      -10     1       9       2       -8      7       -6
2       4       10      -4      -2      -3      3       9       1       -1      -7      -6      7       8       6       -9      -10     -8
8       7       3       -7      -8      -10     2       1       -4      -2      -3      5       9       10      -5      -1      -9      4
-3      -6      2       6       9       -9      1       8       -8      4       5       -1      -5      3       10      -10     -4      -2
-6      -3      -4      1       6       -1      -9      -7      7       -10     10      2       3       -5      9       4       -2      5
10      2       1       -10     -7      7       8       -5      -2      -3      4       3       -6      -4      -8      5       6       -1
-9      -1      -5      9       1       6       -4      -2      -3      8       -8      4       2       -6      -7      7       5       3

Distance = 65755
Fitness = 0




